1.690000000000000000e+02 1.755186835735298700e+01 4.442999309772610594e-02
1.690000000000000000e+02 1.957192747378869413e+01 1.654092129167343828e-01
1.690000000000000000e+02 1.781773529844310744e+01 4.008191570989594332e-02
1.690000000000000000e+02 1.761960262475164285e+01 4.699864459609182088e-02
1.690000000000000000e+02 1.887273291090378535e+01 8.669870170649129903e-02
1.690000000000000000e+02 1.791835961150527723e+01 2.232411257498234658e-02
1.690000000000000000e+02 1.815774903624070191e+01 2.680014860526325204e-02
1.690000000000000000e+02 1.839105720209192896e+01 2.643134036488548055e-02
1.690000000000000000e+02 1.789330101045278454e+01 2.786223325813819152e-02
1.690000000000000000e+02 1.792043324179679686e+01 1.423148189034006972e-02
1.690000000000000000e+02 1.772525364328818043e+01 3.613890541400777145e-02
1.690000000000000000e+02 1.795192639638843346e+01 4.679203585840330248e-02
1.690000000000000000e+02 1.772430528834434682e+01 4.226756088567273917e-02
1.690000000000000000e+02 1.802640268320510586e+01 2.854537839723370052e-02
1.690000000000000000e+02 1.776459592583730540e+01 5.965233982455409034e-03
1.690000000000000000e+02 1.766290655647870977e+01 6.913888000303680670e-03
1.690000000000000000e+02 1.818555195905662458e+01 4.124175150298703407e-02
1.690000000000000000e+02 1.841468730874580828e+01 6.199111198958240365e-02
1.690000000000000000e+02 1.820169612624894739e+01 4.880982807991718353e-02
1.690000000000000000e+02 1.804485362074374066e+01 4.128279997644801469e-02
1.690000000000000000e+02 1.794256856277445422e+01 5.483584185746548378e-02
1.690000000000000000e+02 1.804017325668259630e+01 6.281703444707087414e-02
1.690000000000000000e+02 1.781688221048549536e+01 4.941345788637230285e-02
1.690000000000000000e+02 1.782315235145832943e+01 6.023496582847276404e-02
1.690000000000000000e+02 1.751828140952985891e+01 3.378775113428134080e-02
1.690000000000000000e+02 1.776152860122008192e+01 3.159992678374523578e-02
1.690000000000000000e+02 1.804766334766889813e+01 3.440639216782304111e-02
1.690000000000000000e+02 1.761515427849843363e+01 4.453352187446402155e-02
1.690000000000000000e+02 1.780141048837108997e+01 3.107793372159750600e-02
1.690000000000000000e+02 1.816236538668485423e+01 3.994068808361506129e-02
1.690000000000000000e+02 1.743400772518740638e+01 4.158627049895113892e-03
1.690000000000000000e+02 1.774563996942955413e+01 1.578485845983434999e-02
1.690000000000000000e+02 1.807069859724756000e+01 5.326010137638026443e-02
1.690000000000000000e+02 1.778116364824857598e+01 4.349093538581150220e-02
1.690000000000000000e+02 1.811705787600625328e+01 7.251874667890934045e-02
1.690000000000000000e+02 1.906483575770458927e+01 8.438086741989303530e-02
1.690000000000000000e+02 1.799434836419871431e+01 5.759925534505117017e-02
1.690000000000000000e+02 1.837587560252752894e+01 4.043860576793689710e-02
1.690000000000000000e+02 1.806102340694441466e+01 7.374094181557877548e-03
1.690000000000000000e+02 1.814472867826348335e+01 4.029225997554697347e-02
1.690000000000000000e+02 1.813458648159614484e+01 3.434866105353984178e-02
1.690000000000000000e+02 1.819680963720036004e+01 5.729490678231885514e-02
1.690000000000000000e+02 1.794152832028798628e+01 2.112365160250551099e-02
1.690000000000000000e+02 1.840733734188095028e+01 4.289512791561223004e-02
1.690000000000000000e+02 1.844589081145182519e+01 7.651812689145109925e-02
1.690000000000000000e+02 1.853952410586200727e+01 5.887334338875116480e-02
1.690000000000000000e+02 1.806397147449642659e+01 4.842081467004921702e-02
1.690000000000000000e+02 1.800096815907624404e+01 2.093020521634281206e-02
1.690000000000000000e+02 1.827518483963484286e+01 4.018234840143486419e-02
1.690000000000000000e+02 1.863161635445081998e+01 1.197597976310804668e-01
1.690000000000000000e+02 1.873343202339549762e+01 1.297867061918868137e-01
1.690000000000000000e+02 1.863125787194474725e+01 9.478055106569749366e-02
1.690000000000000000e+02 1.900211639602841274e+01 1.134546671543682494e-01
1.690000000000000000e+02 1.802645106639861439e+01 1.951098552248253792e-02
1.690000000000000000e+02 1.836662500904310491e+01 2.215941537854748677e-02
1.690000000000000000e+02 1.800776668555866067e+01 3.351960184960733891e-02
1.690000000000000000e+02 1.822854811593418489e+01 2.901859441857024269e-02
1.690000000000000000e+02 1.744164988395751337e+01 1.676501607380298520e-02
1.690000000000000000e+02 1.766680887151780865e+01 3.283239792376091426e-02
1.690000000000000000e+02 1.810353091126295055e+01 2.755185616264665960e-02
1.690000000000000000e+02 1.766347198366691984e+01 4.752838229666578318e-02
1.690000000000000000e+02 1.794062812260160555e+01 3.835759077616529567e-02
1.690000000000000000e+02 1.751494078984460856e+01 1.129027723210096479e-02
1.690000000000000000e+02 1.760068551512340917e+01 4.942633789750794371e-03
1.690000000000000000e+02 1.772657159555656037e+01 3.226228388258922664e-03
1.690000000000000000e+02 1.760796625296702445e+01 8.516760781663745838e-03
1.690000000000000000e+02 1.772955688092801552e+01 2.592174321786633318e-02
1.690000000000000000e+02 1.736037228334313554e+01 2.224917755046407208e-02
1.690000000000000000e+02 1.765600519323251660e+01 3.751818092812442273e-02
1.690000000000000000e+02 1.835918419914831645e+01 4.530093088307285409e-02
1.690000000000000000e+02 1.852128382587934396e+01 1.149202294324377371e-01
1.690000000000000000e+02 1.761567964089108429e+01 3.997953405625587209e-02
1.690000000000000000e+02 1.772078169267957648e+01 5.184400400960298416e-02
1.690000000000000000e+02 1.804651871079760639e+01 3.816596386740789271e-02
1.690000000000000000e+02 1.790585633713921609e+01 4.843571597379625615e-02
1.690000000000000000e+02 1.837975908885206877e+01 3.473861091489438557e-02
1.690000000000000000e+02 1.771504123994504454e+01 2.357448319640698120e-02
1.690000000000000000e+02 1.831669416304841036e+01 1.436636180849912847e-01
1.690000000000000000e+02 1.880705821798973432e+01 1.390496375742151791e-01
1.690000000000000000e+02 1.919142271109016562e+01 1.480750620263658890e-01
1.690000000000000000e+02 1.908575476802143811e+01 1.741158573976648860e-01
1.690000000000000000e+02 1.895080420566193879e+01 1.011470335138676679e-01
1.690000000000000000e+02 1.886212263084864915e+01 9.384471056466392458e-02
1.690000000000000000e+02 1.917287490187267451e+01 1.148412867926609238e-01
1.690000000000000000e+02 1.901443795458284569e+01 7.264079071882068028e-02
1.690000000000000000e+02 1.876971137543859314e+01 8.572086862058314605e-02
1.690000000000000000e+02 1.811257814664547894e+01 6.127262285813339648e-02
1.690000000000000000e+02 1.822015824947684592e+01 5.562147800791017449e-02
