1.350000000000000000e+02 1.699209024559899461e+01 4.704776345496497481e-02
1.350000000000000000e+02 1.720216973511015368e+01 3.901898556424876485e-02
1.350000000000000000e+02 1.604817472277389001e+01 1.200591864195066361e-02
1.350000000000000000e+02 1.696745663490192868e+01 8.035421436769762948e-02
1.350000000000000000e+02 1.745567222653787098e+01 5.455260257617899899e-02
1.350000000000000000e+02 1.721830375420241666e+01 1.000638282447724459e-01
1.350000000000000000e+02 1.659542734473899728e+01 6.136838666055788316e-02
1.350000000000000000e+02 1.666910614402687330e+01 2.960150741695977139e-02
1.350000000000000000e+02 1.635997115524892465e+01 1.163617239887337895e-02
1.350000000000000000e+02 1.644652708832354548e+01 2.582304175069061181e-02
1.350000000000000000e+02 1.658783714562320810e+01 1.149804515698216179e-02
1.350000000000000000e+02 1.728106782725040347e+01 5.162764697174582196e-02
1.350000000000000000e+02 1.683158989934436534e+01 4.477093523093123029e-02
1.350000000000000000e+02 1.711949813526470265e+01 3.641075126839499188e-02
1.350000000000000000e+02 1.700929794922022964e+01 4.905680152915981029e-02
1.350000000000000000e+02 1.642515575980822362e+01 4.569238332127412150e-02
1.350000000000000000e+02 1.723359855648623551e+01 5.626306234523281713e-02
1.350000000000000000e+02 1.761020410659966728e+01 7.870807689370262761e-02
1.350000000000000000e+02 1.681975773774682636e+01 5.198208964025963219e-02
1.350000000000000000e+02 1.702052195942341939e+01 3.255042150331255435e-02
1.350000000000000000e+02 1.697214603428263047e+01 2.545757913036539311e-02
1.350000000000000000e+02 1.693689250005999014e+01 3.032230445464800805e-02
1.350000000000000000e+02 1.689389906255910745e+01 2.411095414803332559e-02
1.350000000000000000e+02 1.621378468854279475e+01 2.240809560257928101e-02
1.350000000000000000e+02 1.632604619900064336e+01 1.067921683186423554e-02
1.350000000000000000e+02 1.728870234567018827e+01 4.664706425426523584e-02
1.350000000000000000e+02 1.663889270254993846e+01 3.442674247771326801e-02
1.350000000000000000e+02 1.685676814384549616e+01 2.213521743759683247e-02
1.350000000000000000e+02 1.747377992522854839e+01 8.283800558785048285e-02
1.350000000000000000e+02 1.689434389243446688e+01 6.074270168885798071e-02
1.350000000000000000e+02 1.694682264456134035e+01 3.944983785877009819e-02
1.350000000000000000e+02 1.639663338756926336e+01 2.731032656799536884e-02
1.350000000000000000e+02 1.655903195822371288e+01 1.736559615169208648e-02
1.350000000000000000e+02 1.654289477497052374e+01 2.678426881043272090e-02
1.350000000000000000e+02 1.677391397355012970e+01 3.881222048716792550e-02
1.350000000000000000e+02 1.670536724855577049e+01 3.847262531605954994e-02
1.350000000000000000e+02 1.604362785475676034e+01 1.757462649318575210e-02
1.350000000000000000e+02 1.703490638703727456e+01 5.626361376958799454e-02
1.350000000000000000e+02 1.633672320960198832e+01 1.780904350761147725e-02
1.350000000000000000e+02 1.647783853582137326e+01 2.526167596830952711e-02
1.350000000000000000e+02 1.614340866457246193e+01 1.646985976528669848e-02
1.350000000000000000e+02 1.659787562591238697e+01 1.606630521570873160e-02
1.350000000000000000e+02 1.634226140692842932e+01 9.193797035178641330e-03
1.350000000000000000e+02 1.654095329569857853e+01 1.358410874790672018e-02
1.350000000000000000e+02 1.627336795842288808e+01 1.514069513123339483e-02
1.350000000000000000e+02 1.649694101025762905e+01 2.186016741268670405e-02
1.350000000000000000e+02 1.650577965171511607e+01 4.925215855061726433e-02
1.350000000000000000e+02 1.652490746291002566e+01 4.256666171901624107e-02
1.350000000000000000e+02 1.710866021187014141e+01 7.655341448586350239e-02
1.350000000000000000e+02 1.836994885198368976e+01 1.583094988004887238e-01
1.350000000000000000e+02 1.783033257927051807e+01 1.074959615739617957e-01
1.350000000000000000e+02 1.774699210334680899e+01 1.170374394518988170e-01
1.350000000000000000e+02 1.733378077393795991e+01 4.534563044106465490e-02
1.350000000000000000e+02 1.800274997869946247e+01 1.522709701628784940e-01
1.350000000000000000e+02 1.753446992750626166e+01 1.123169062386141226e-01
1.350000000000000000e+02 1.716645289084652148e+01 9.065467415504602222e-02
1.350000000000000000e+02 1.704962422046659043e+01 3.831234554503692991e-02
1.350000000000000000e+02 1.695893123486968079e+01 6.640786972204937300e-03
1.350000000000000000e+02 1.671798119989819398e+01 3.576803989384913507e-02
1.350000000000000000e+02 1.637764037623904656e+01 1.380101239378428435e-02
1.350000000000000000e+02 1.657356184315161229e+01 1.919287828576721200e-02
1.350000000000000000e+02 1.657527114168957283e+01 3.854315920035367160e-02
1.350000000000000000e+02 1.706495556095751098e+01 4.385506710377995443e-02
1.350000000000000000e+02 1.718571922450059120e+01 8.700127277510283363e-02
1.350000000000000000e+02 1.709489626394412554e+01 9.981904240165317965e-02
1.350000000000000000e+02 1.725062559847015820e+01 8.543756179108630278e-02
1.350000000000000000e+02 1.751162063230163213e+01 9.197582915045610097e-02
1.350000000000000000e+02 1.698007186624997900e+01 4.360445393877876441e-02
1.350000000000000000e+02 1.671204193830682527e+01 3.366541528207456224e-02
1.350000000000000000e+02 1.643574537427669569e+01 2.350446453687371484e-02
1.350000000000000000e+02 1.651348696032270880e+01 2.597242774281349753e-02
1.350000000000000000e+02 1.672714309738054794e+01 4.690786076679909211e-02
1.350000000000000000e+02 1.713585173783152271e+01 6.081407386767756496e-02
1.350000000000000000e+02 1.647338077009553103e+01 3.720092576759093106e-02
1.350000000000000000e+02 1.731794166175590632e+01 6.109075825726184572e-02
1.350000000000000000e+02 1.658632735111837775e+01 3.147915902931974763e-02
1.350000000000000000e+02 1.690841372615293992e+01 7.205657701799328407e-02
1.350000000000000000e+02 1.772838890451099303e+01 2.417303385021951634e-02
1.350000000000000000e+02 1.765031789841983922e+01 3.763710566965006166e-02
1.350000000000000000e+02 1.681562877640996945e+01 2.738717247547572953e-02
1.350000000000000000e+02 1.649821713228370257e+01 1.486406893796177187e-02
1.350000000000000000e+02 1.698153448117026088e+01 4.888457737492812871e-02
1.350000000000000000e+02 1.661140121719396134e+01 1.988905302296706257e-02
1.350000000000000000e+02 1.597147069745939696e+01 1.052665763428051182e-02
1.350000000000000000e+02 1.640248666106350584e+01 2.830815840857869858e-02
1.350000000000000000e+02 1.655671944871867751e+01 2.389359056965123518e-02
1.350000000000000000e+02 1.614690801943089227e+01 2.467074395092205830e-02
1.350000000000000000e+02 1.659198481641997347e+01 1.033771562311991410e-02
1.350000000000000000e+02 1.616594244767916067e+01 1.495076400697581409e-02
1.350000000000000000e+02 1.759976944383611297e+01 8.343556072286395509e-02
