1.310000000000000000e+02 1.682463708837893535e+01 1.189252874693125239e-02
1.310000000000000000e+02 1.613301307881717861e+01 1.496703585920566848e-02
1.310000000000000000e+02 1.650250820595472590e+01 3.992164948179610651e-02
1.310000000000000000e+02 1.641625135758391707e+01 2.769582977626661169e-02
1.310000000000000000e+02 1.660227547454310226e+01 2.745109311754456716e-02
1.310000000000000000e+02 1.697467226554924480e+01 9.388908709279675247e-02
1.310000000000000000e+02 1.729913126285918779e+01 7.784415376348408078e-02
1.310000000000000000e+02 1.684617860819128765e+01 5.433196994220412801e-02
1.310000000000000000e+02 1.706926357986576193e+01 5.816782441598911113e-02
1.310000000000000000e+02 1.616342804537812228e+01 1.473369678286817752e-02
1.310000000000000000e+02 1.675124204438587938e+01 4.992016550197231339e-02
1.310000000000000000e+02 1.660472325368954927e+01 2.370104366077585567e-02
1.310000000000000000e+02 1.667985284823783232e+01 4.997802934597783686e-02
1.310000000000000000e+02 1.659348785300333518e+01 6.599249309971022548e-02
1.310000000000000000e+02 1.670926903241629446e+01 8.535767656813020299e-02
1.310000000000000000e+02 1.675376681544571511e+01 5.010301368032432645e-02
1.310000000000000000e+02 1.686473648828168237e+01 5.731555841469404555e-02
1.310000000000000000e+02 1.738892034760437966e+01 1.325154014459826168e-01
1.310000000000000000e+02 1.684358508721645364e+01 1.707461186477787773e-02
1.310000000000000000e+02 1.694890954333992283e+01 5.553405275119294160e-02
1.310000000000000000e+02 1.669733068480107363e+01 6.092817080951218323e-02
1.310000000000000000e+02 1.674917615806885252e+01 7.948280760717119087e-02
1.310000000000000000e+02 1.805186731893330787e+01 1.057569648236926785e-01
1.310000000000000000e+02 1.781277097139713916e+01 1.146254147329834883e-01
1.310000000000000000e+02 1.772048277614110035e+01 1.080357481640213946e-01
1.310000000000000000e+02 1.715062321751626229e+01 1.197484665224090028e-01
1.310000000000000000e+02 1.746028812382649775e+01 1.340344942117448479e-01
1.310000000000000000e+02 1.704710925316398473e+01 8.117434386441424454e-02
1.310000000000000000e+02 1.687246819446603041e+01 5.633832064155075425e-02
1.310000000000000000e+02 1.641012095692131112e+01 3.838180041882421900e-02
1.310000000000000000e+02 1.589995186448435582e+01 1.753216163517112847e-02
1.310000000000000000e+02 1.661047860206404181e+01 2.556936589999037057e-02
1.310000000000000000e+02 1.651629936634753903e+01 2.331237455616974596e-02
1.310000000000000000e+02 1.694717185201552923e+01 8.056682391373515273e-02
1.310000000000000000e+02 1.813905272080679509e+01 1.431411968427234171e-01
1.310000000000000000e+02 1.771812864033698176e+01 1.442383149300182632e-01
1.310000000000000000e+02 1.648110629579890229e+01 2.769488273213704943e-02
1.310000000000000000e+02 1.684943278654468202e+01 4.451527199632199228e-02
1.310000000000000000e+02 1.665618631411231121e+01 3.919204732335668240e-02
1.310000000000000000e+02 1.663695380612386288e+01 3.420678267805721262e-02
1.310000000000000000e+02 1.704263370188196802e+01 5.372305614760797265e-02
1.310000000000000000e+02 1.694292562503012434e+01 2.713756760387686651e-02
1.310000000000000000e+02 1.639142331094986460e+01 1.233552614198063502e-02
1.310000000000000000e+02 1.638602347204694709e+01 5.961916437480008213e-03
1.310000000000000000e+02 1.612753792487836080e+01 5.093342582602522484e-03
1.310000000000000000e+02 1.568796690884938627e+01 5.576107584252532057e-03
1.310000000000000000e+02 1.651818834210434872e+01 2.727042097555043565e-02
1.310000000000000000e+02 1.669055866840363578e+01 2.527229871877700873e-02
1.310000000000000000e+02 1.691947580999324785e+01 3.721427799478749243e-02
1.310000000000000000e+02 1.614301173056684391e+01 2.854151970470675259e-02
1.310000000000000000e+02 1.624712854064289402e+01 5.318881307038225703e-02
1.310000000000000000e+02 1.671419361585477859e+01 2.876485726699273826e-02
1.310000000000000000e+02 1.653342072314411482e+01 1.795649428065593245e-02
1.310000000000000000e+02 1.691660795013691398e+01 3.071993603023803754e-02
1.310000000000000000e+02 1.702073660205574157e+01 3.496454785251446040e-02
1.310000000000000000e+02 1.648934007752066933e+01 1.635654030149313876e-02
1.310000000000000000e+02 1.629814094057897833e+01 3.878859958775870975e-02
1.310000000000000000e+02 1.677513468650701611e+01 5.486515121879775858e-02
1.310000000000000000e+02 1.651230446591372214e+01 2.591105878156907405e-02
1.310000000000000000e+02 1.647859897063084844e+01 4.169191551295814424e-02
1.310000000000000000e+02 1.676994440709789203e+01 3.234116598016267830e-02
1.310000000000000000e+02 1.698393536682474192e+01 3.687056043667646943e-02
1.310000000000000000e+02 1.698977071233468550e+01 5.203662879053227996e-02
1.310000000000000000e+02 1.653226795209686983e+01 7.380735652368475286e-02
1.310000000000000000e+02 1.730961382116529634e+01 7.811210127509016221e-02
1.310000000000000000e+02 1.810664416597005655e+01 1.349827207423193176e-01
1.310000000000000000e+02 1.725503880364320253e+01 8.001112955326750154e-02
1.310000000000000000e+02 1.669218278123134525e+01 4.206242870065990402e-02
1.310000000000000000e+02 1.717969091133388915e+01 3.915922451936282300e-02
1.310000000000000000e+02 1.755553198416462735e+01 1.058776753822249228e-01
1.310000000000000000e+02 1.699991115622263038e+01 3.744862079219957174e-02
1.310000000000000000e+02 1.694438944961048321e+01 2.923793695155474381e-02
1.310000000000000000e+02 1.663084201890048774e+01 5.096465865555532826e-02
1.310000000000000000e+02 1.632142441611821937e+01 2.559000394163235548e-02
1.310000000000000000e+02 1.654402335571420934e+01 9.099269680365673629e-03
1.310000000000000000e+02 1.664531782108540625e+01 3.897831093775239175e-02
1.310000000000000000e+02 1.695956966082944462e+01 6.109885654474767058e-02
1.310000000000000000e+02 1.671316551281564955e+01 5.085524120470807929e-02
1.310000000000000000e+02 1.749161934682149422e+01 5.978984650934338063e-02
1.310000000000000000e+02 1.721643122054271657e+01 6.656241605280477369e-02
1.310000000000000000e+02 1.725019228274977579e+01 4.369440717459471824e-02
1.310000000000000000e+02 1.680714012392569501e+01 5.532007075158174025e-02
1.310000000000000000e+02 1.717650834984026886e+01 5.687913128455157619e-02
1.310000000000000000e+02 1.740261413347786501e+01 7.277735641342919504e-02
1.310000000000000000e+02 1.737763645935500278e+01 6.683924212052405611e-02
1.310000000000000000e+02 1.690751272049174503e+01 8.189532524169917949e-02
1.310000000000000000e+02 1.663889195477358385e+01 1.391557361523165781e-02
1.310000000000000000e+02 1.638020139071112169e+01 5.109508370498727636e-03
1.310000000000000000e+02 1.658767763091528025e+01 1.640363630278063312e-02
1.310000000000000000e+02 1.596982473486817611e+01 1.538186557648535402e-02
1.310000000000000000e+02 1.650587478327532054e+01 1.670064602583620772e-02
1.310000000000000000e+02 1.651117212078569452e+01 9.190895103607155114e-03
1.310000000000000000e+02 1.628609062531980456e+01 2.458586661801909212e-02
1.310000000000000000e+02 1.660679989384033206e+01 3.323135871184035306e-02
1.310000000000000000e+02 1.725663744526417531e+01 2.064998013077989913e-02
1.310000000000000000e+02 1.634629547447626408e+01 2.675591008635935797e-02
1.310000000000000000e+02 1.634803458557161449e+01 1.879336755486549215e-02
1.310000000000000000e+02 1.639660182177081538e+01 9.797867989937869559e-03
1.310000000000000000e+02 1.638521653319019222e+01 2.375422330526311132e-02
1.310000000000000000e+02 1.593899946614824081e+01 1.427090248634488301e-02
1.310000000000000000e+02 1.636441247037349456e+01 6.966806082623344665e-03
1.310000000000000000e+02 1.657531523445643629e+01 2.492041887492757457e-02
1.310000000000000000e+02 1.734765438869944632e+01 9.785940140562088274e-02
1.310000000000000000e+02 1.624601011908526971e+01 2.820415816790189378e-02
1.310000000000000000e+02 1.639063309621313635e+01 1.445406073478272546e-02
1.310000000000000000e+02 1.591038540343193297e+01 5.740233864544475040e-03
1.310000000000000000e+02 1.664009588423657604e+01 1.683718012019252974e-02
